Team,Total Matches With,Wins With,Losses With,Wins Against,Losses Against,Delta Against,Delta With
863,1,0,1,0,0,0,-1
188,33,8,2,4,19,-15,6
639,1,0,0,0,1,-1,0
229,2,0,2,0,0,0,-2
854,29,3,5,9,12,-3,-2
610,45,13,6,1,25,-24,7
291,3,1,1,0,1,-1,0
772,29,7,6,13,3,10,1
296,8,3,0,2,3,-1,3
247,2,1,0,1,0,1,1
914,5,0,1,3,1,2,-1
48,15,6,4,2,3,-1,2
776,3,0,2,1,0,1,-2
5,1,0,0,0,1,-1,0
11,1,0,0,0,1,-1,0
912,7,1,1,4,1,3,0
913,3,0,1,2,0,2,-1
641,1,0,0,1,0,1,0
907,21,8,6,3,4,-1,2
222,1,0,0,0,1,-1,0
758,5,0,2,2,1,1,-2
233,1,1,0,0,0,0,1
885,1,0,0,1,0,1,0
378,5,0,0,2,3,-1,0
919,10,1,2,2,5,-3,-1
891,1,0,0,0,1,-1,0
276,1,0,0,0,1,-1,0
34,2,0,1,0,1,-1,-1
85,1,0,0,0,1,-1,0
815,2,0,1,0,1,-1,-1
405,1,0,1,0,0,0,-1
557,1,0,0,0,1,-1,0
250,2,0,0,0,2,-2,0
1108,3,0,1,1,1,0,-1
168,1,0,0,0,1,-1,0
120,1,0,0,0,1,-1,0
157,1,0,1,0,0,0,-1
59,1,0,0,0,1,-1,0
75,3,0,1,0,2,-2,-1
618,1,1,0,0,0,0,1
1158,1,0,0,1,0,1,0
226,1,0,0,1,0,1,0
953,1,1,0,0,0,0,1
335,1,0,0,1,0,1,0
967,1,0,0,1,0,1,0
665,1,0,1,0,0,0,-1
47,1,0,0,0,1,-1,0
201,1,0,0,0,1,-1,0
1114,63,31,5,3,24,-21,26
1088,1,0,0,0,1,-1,0
235,1,0,1,0,0,0,-1
820,3,0,0,2,1,1,0
752,1,0,0,0,1,-1,0
314,1,0,1,0,0,0,-1
808,1,0,0,0,1,-1,0
1232,1,1,0,0,0,0,1
1221,10,1,0,7,2,5,1
1109,1,0,0,1,0,1,0
714,2,0,0,2,0,2,0
1084,6,3,0,2,1,1,3
1219,17,0,5,5,7,-2,-5
783,2,0,1,0,1,-1,-1
1129,1,0,0,0,1,-1,0
849,1,0,0,0,1,-1,0
578,2,0,1,0,1,-1,-1
886,11,0,5,3,3,0,-5
773,8,1,1,5,1,4,0
1486,1,0,1,0,0,0,-1
703,4,1,0,0,3,-3,1
22,1,0,0,0,1,-1,0
1229,1,0,0,1,0,1,0
1330,2,1,1,0,0,0,0
1075,22,3,5,11,3,8,-2
1112,3,0,2,0,1,-1,-2
1009,5,0,1,1,3,-2,-1
1392,1,0,1,0,0,0,-1
865,33,2,12,9,10,-1,-10
1334,45,7,9,6,23,-17,-2
301,1,0,0,1,0,1,0
1049,2,0,0,0,2,-2,0
1006,15,1,2,8,4,4,-1
1514,9,1,5,2,1,1,-4
1596,6,0,0,3,3,0,0
859,4,0,1,1,2,-1,-1
1281,5,0,3,2,0,2,-3
1246,28,1,6,9,12,-3,-5
1305,47,9,10,6,22,-16,-1
1355,2,0,1,0,1,-1,-1
84,1,0,1,0,0,0,-1
1605,7,1,1,3,2,1,0
781,21,2,5,5,9,-4,-3
1058,3,0,2,1,0,1,-2
1511,3,1,0,0,2,-2,1
1053,4,1,1,1,1,0,0
1241,47,23,4,5,15,-10,19
63,3,2,0,0,1,-1,2
1547,10,0,4,4,2,2,-4
1419,3,1,0,2,0,2,1
1620,3,1,0,2,0,2,1
1482,9,1,3,1,4,-3,-2
1935,1,0,1,0,0,0,-1
1846,13,2,3,6,2,4,-1
49,1,0,0,0,1,-1,0
1835,12,1,2,2,7,-5,-1
1295,1,0,0,1,0,1,0
178,1,0,0,1,0,1,0
1244,2,0,2,0,0,0,-2
1680,10,2,3,3,2,1,-1
65,1,0,1,0,0,0,-1
1814,4,0,0,3,1,2,0
1564,3,0,2,1,0,1,-2
1558,7,1,2,2,2,0,-1
843,11,2,3,6,0,6,-1
1815,16,2,3,5,6,-1,-1
1397,1,0,0,1,0,1,0
830,5,0,0,3,2,1,0
1189,4,1,0,2,1,1,1
453,2,0,0,1,1,0,0
68,11,0,3,4,4,0,-3
931,4,1,0,1,2,-1,1
1901,8,3,1,1,3,-2,2
2067,1,0,1,0,0,0,-1
97,3,0,2,0,1,-1,-2
1418,1,0,0,0,1,-1,0
2283,1,0,0,0,1,-1,0
141,2,0,1,0,1,-1,-1
2054,3,1,1,0,1,-1,0
469,1,0,0,0,1,-1,0
126,3,0,1,0,2,-2,-1
1647,2,0,0,1,1,0,0
1732,2,2,0,0,0,0,2
234,1,1,0,0,0,0,1
108,1,0,0,1,0,1,0
612,1,0,0,1,0,1,0
1714,2,0,1,0,1,-1,-1
1700,1,0,0,0,1,-1,0
716,1,0,0,0,1,-1,0
121,1,0,0,0,1,-1,0
1636,1,0,1,0,0,0,-1
527,2,0,0,1,1,0,0
1617,1,0,1,0,0,0,-1
339,2,0,0,0,2,-2,0
1137,1,0,0,0,1,-1,0
1826,1,0,0,0,1,-1,0
343,1,0,1,0,0,0,-1
2137,1,0,1,0,0,0,-1
1563,1,0,0,0,1,-1,0
558,2,0,0,0,2,-2,0
1310,49,15,12,6,16,-10,3
1870,3,1,1,0,1,-1,0
2254,1,0,1,0,0,0,-1
809,3,0,1,1,1,0,-1
1404,2,1,1,0,0,0,0
1141,4,0,0,2,2,0,0
269,1,0,0,0,1,-1,0
1503,18,8,4,3,3,0,4
2198,16,0,3,8,5,3,-3
2056,35,12,4,3,16,-13,8
2076,9,1,2,5,1,4,-1
2166,6,1,0,4,1,3,1
2200,28,8,6,3,11,-8,2
1565,10,2,0,4,4,0,2
1535,10,2,3,0,5,-5,-1
1312,3,1,2,0,0,0,-1
2634,18,2,5,5,6,-1,-3
2624,1,0,0,1,0,1,0
2013,24,6,3,8,7,1,3
1507,2,0,0,0,2,-2,0
2625,6,2,1,2,1,1,1
1325,31,5,4,10,12,-2,1
2185,6,1,1,3,1,2,0
2626,2,0,2,0,0,0,-2
2386,29,2,6,10,11,-1,-4
2361,4,0,1,1,2,-1,-1
2609,12,4,1,2,5,-3,3
2935,12,1,5,4,2,2,-4
3117,3,0,1,0,2,-2,-1
2505,4,0,1,2,1,1,-1
2809,9,1,1,3,4,-1,0
1518,3,1,0,2,0,2,1
1126,2,1,0,0,1,-1,1
1559,4,1,0,2,1,1,1
2670,2,0,1,1,0,1,-1
2852,31,7,6,6,12,-6,1
1626,1,0,1,0,0,0,-1
3003,1,0,0,0,1,-1,0
1405,1,0,0,0,1,-1,0
1591,2,0,1,0,1,-1,-1
1765,2,0,0,0,2,-2,0
1728,1,0,0,0,1,-1,0
145,2,0,1,0,1,-1,-1
211,1,0,0,0,1,-1,0
2999,1,0,1,0,0,0,-1
173,2,0,1,0,1,-1,-1
3057,1,0,1,0,0,0,-1
1713,1,0,0,0,1,-1,0
1585,2,0,0,1,1,0,0
522,4,0,2,1,1,0,-2
174,1,1,0,0,0,0,1
316,1,0,0,1,0,1,0
3044,1,1,0,0,0,0,1
340,1,1,0,0,0,0,1
191,3,1,0,1,1,0,1
1450,1,0,0,1,0,1,0
2340,1,0,1,0,0,0,-1
3386,1,0,0,0,1,-1,0
2949,2,0,0,1,1,0,0
3382,3,0,1,1,1,0,-1
2702,19,4,7,3,5,-2,-3
3375,1,0,0,1,0,1,0
2994,12,2,2,4,4,0,0
3379,2,0,1,1,0,1,-1
3387,5,0,1,1,3,-2,-1
3040,1,0,0,0,1,-1,0
3360,5,2,1,0,2,-2,1
3396,7,3,3,1,0,1,0
3161,16,1,6,2,7,-5,-5
3190,3,0,1,0,2,-2,-1
1000,3,0,1,1,1,0,-1
3017,1,0,1,0,0,0,-1
1477,1,0,1,0,0,0,-1
1023,1,0,0,0,1,-1,0
3462,1,0,0,0,1,-1,0
1065,1,1,0,0,0,0,1
1323,1,1,0,0,0,0,1
2022,1,0,0,1,0,1,0
1718,3,3,0,0,0,0,3
177,1,1,0,0,0,0,1
677,3,1,0,1,1,0,1
74,1,0,0,1,0,1,0
3756,8,3,1,3,1,2,2
2169,1,0,1,0,0,0,-1
330,1,0,0,0,1,-1,0
2543,1,0,0,0,1,-1,0
1138,1,0,0,0,1,-1,0
3010,1,0,1,0,0,0,-1
3098,1,0,0,0,1,-1,0
1270,1,0,0,0,1,-1,0
1629,2,0,1,0,1,-1,-1
537,1,0,1,0,0,0,-1
2972,1,0,1,0,0,0,-1
3467,1,0,0,0,1,-1,0
2549,1,0,0,0,1,-1,0
3351,1,0,0,0,1,-1,0
701,1,0,1,0,0,0,-1
876,1,0,0,0,1,-1,0
155,1,0,0,0,1,-1,0
2512,1,0,1,0,0,0,-1
440,1,0,1,0,0,0,-1
3494,1,0,0,0,1,-1,0
2500,2,0,1,0,1,-1,-1
3694,1,0,0,0,1,-1,0
3704,1,1,0,0,0,0,1
1811,1,0,0,1,0,1,0
33,2,0,0,1,1,0,0
3506,1,0,0,1,0,1,0
238,1,0,1,0,0,0,-1
167,1,0,1,0,0,0,-1
1640,2,0,1,0,1,-1,-1
360,1,0,0,0,1,-1,0
862,1,0,0,0,1,-1,0
3664,6,0,1,2,3,-1,-1
3590,2,1,0,0,1,-1,1
3739,10,2,2,4,2,2,0
3533,2,0,0,0,2,-2,0
3531,1,0,0,1,0,1,0
3550,1,0,1,0,0,0,-1
3571,10,1,2,6,1,5,-1
3541,2,0,0,1,1,0,0
3710,2,0,1,0,1,-1,-1
3543,8,0,4,4,0,4,-4
2252,2,0,1,0,1,-1,-1
2641,6,1,0,2,3,-1,1
1038,3,2,0,0,1,-1,2
1708,2,0,1,1,0,1,-1
3567,4,0,1,2,1,1,-1
1541,2,1,0,1,0,1,1
2172,2,0,1,0,1,-1,-1
306,2,0,1,1,0,1,-1
1743,2,0,1,0,1,-1,-1
3356,1,0,1,0,0,0,-1
2656,1,0,1,0,0,0,-1
2603,2,0,1,0,1,-1,-1
3193,9,4,3,0,2,-2,1
2051,3,0,0,1,2,-1,0
337,7,1,2,3,1,2,-1
3511,3,0,1,1,1,0,-1
3260,5,2,1,0,2,-2,1
3138,2,1,0,0,1,-1,1
1319,2,1,0,0,1,-1,1
128,2,0,0,1,1,0,0
117,2,0,1,1,0,1,-1
3504,3,0,1,0,2,-2,-1
3492,2,0,0,1,1,0,0
2614,1,0,0,1,0,1,0
2544,2,0,1,0,1,-1,-1
1249,1,0,0,0,1,-1,0
3062,2,0,0,1,1,0,0
1538,2,1,0,0,1,-1,1
766,2,0,0,1,1,0,0
4353,1,0,0,1,0,1,0
4159,1,0,1,0,0,0,-1
2158,1,0,1,0,0,0,-1
868,1,0,0,0,1,-1,0
1212,1,0,0,0,1,-1,0
125,1,0,0,0,1,-1,0
4013,1,0,1,0,0,0,-1
801,1,0,1,0,0,0,-1
2439,2,1,0,0,1,-1,1
585,1,0,0,0,1,-1,0
4031,2,0,1,1,0,1,-1
1747,1,0,1,0,0,0,-1
3925,1,0,0,0,1,-1,0
342,1,0,0,0,1,-1,0
4146,1,0,0,0,1,-1,0
492,2,2,0,0,0,0,2
2642,1,1,0,0,0,0,1
399,1,0,0,1,0,1,0
1350,1,0,0,1,0,1,0
3931,1,0,1,0,0,0,-1
1574,1,0,0,0,1,-1,0
16,2,0,0,1,1,0,0
1831,1,0,0,0,1,-1,0
1583,1,1,0,0,0,0,1
4090,1,0,0,1,0,1,0
1425,2,0,0,2,0,2,0
568,1,0,0,1,0,1,0
2377,1,0,1,0,0,0,-1
1515,1,0,1,0,0,0,-1
148,2,0,1,0,1,-1,-1
4083,2,0,0,0,2,-2,0
3981,1,0,0,0,1,-1,0
533,1,0,1,0,0,0,-1
3574,1,0,1,0,0,0,-1
1671,1,0,0,0,1,-1,0
25,2,0,0,1,1,0,0
4069,26,4,6,8,8,0,-2
4308,12,1,3,4,4,0,-2
4343,32,7,9,6,10,-4,-2
3933,1,0,0,1,0,1,0
4258,1,1,0,0,0,0,1
3705,6,1,1,3,1,2,0
4250,1,0,0,1,0,1,0
4022,1,0,0,1,0,1,0
4147,2,0,1,0,1,-1,-1
4357,5,0,1,2,2,0,-1
3527,2,0,2,0,0,0,-2
4236,1,0,0,0,1,-1,0
4001,12,3,0,2,7,-5,3
4372,3,0,1,1,1,0,-1
288,5,0,3,1,1,0,-3
4200,2,1,0,0,1,-1,1
244,4,1,1,0,2,-2,0
216,8,1,3,0,4,-4,-2
4152,18,3,3,3,9,-6,0
3683,27,14,4,4,5,-1,10
3278,4,1,2,0,1,-1,-1
4627,4,0,2,1,1,0,-2
4633,2,0,0,0,2,-2,0
4334,7,1,0,1,5,-4,1
4719,2,1,0,0,1,-1,1
4205,4,1,0,1,2,-1,1
4604,2,0,0,1,1,0,0
4751,3,0,1,1,1,0,-1
4606,2,0,1,1,0,1,-1
4497,2,0,0,2,0,2,0
4733,3,0,0,1,2,-1,0
4720,3,0,1,0,2,-2,-1
1772,6,0,1,3,2,1,-1
4625,3,1,0,0,2,-2,1
4771,2,0,1,1,0,1,-1
4634,1,0,1,0,0,0,-1
1691,1,0,1,0,0,0,-1
4591,2,0,1,1,0,1,-1
3354,1,0,1,0,0,0,-1
2783,1,0,1,0,0,0,-1
4828,1,0,1,0,0,0,-1
3171,2,0,0,1,1,0,0
503,2,0,0,0,2,-2,0
2619,1,1,0,0,0,0,1
1569,1,0,0,1,0,1,0
217,2,0,0,2,0,2,0
2080,1,0,1,0,0,0,-1
4505,1,0,1,0,0,0,-1
4487,1,0,0,0,1,-1,0
4629,1,0,0,0,1,-1,0
1646,1,0,0,0,1,-1,0
180,1,0,1,0,0,0,-1
1885,1,0,1,0,0,0,-1
1523,1,0,0,0,1,-1,0
4451,1,0,0,0,1,-1,0
4652,1,0,0,1,0,1,0
2352,1,0,0,1,0,1,0
341,1,0,0,1,0,1,0
4476,13,2,2,2,7,-5,0
3802,1,0,0,0,1,-1,0
2471,2,0,0,1,1,0,0
1251,1,0,0,0,1,-1,0
225,1,1,0,0,0,0,1
2789,1,0,0,1,0,1,0
3476,1,0,0,1,0,1,0
4666,1,0,1,0,0,0,-1
1410,1,0,1,0,0,0,-1
3137,4,1,0,0,3,-3,1
79,1,0,0,0,1,-1,0
3280,1,0,0,0,1,-1,0
514,2,0,2,0,0,0,-2
694,3,1,0,0,2,-2,1
4797,3,1,0,0,2,-2,1
4640,1,1,0,0,0,0,1
3059,1,1,0,0,0,0,1
333,1,0,0,1,0,1,0
810,1,0,0,1,0,1,0
237,1,0,0,1,0,1,0
3760,1,1,0,0,0,0,1
1155,1,1,0,0,0,0,1
640,1,0,0,1,0,1,0
369,1,0,0,1,0,1,0
999,1,1,0,0,0,0,1
1382,1,1,0,0,0,0,1
1880,1,0,0,1,0,1,0
4528,1,0,0,1,0,1,0
4191,1,0,0,1,0,1,0
353,3,1,2,0,0,0,-1
354,1,0,0,1,0,1,0
4773,1,0,0,1,0,1,0
4571,1,0,0,1,0,1,0
1600,1,1,0,0,0,0,1
4012,1,1,0,0,0,0,1
4263,1,0,0,1,0,1,0
4789,1,0,0,1,0,1,0
806,1,0,0,1,0,1,0
743,1,0,1,0,0,0,-1
1230,1,0,1,0,0,0,-1
884,2,0,1,0,1,-1,-1
4383,1,0,0,0,1,-1,0
334,1,0,0,0,1,-1,0
3419,1,1,0,0,0,0,1
395,1,0,0,1,0,1,0
421,1,0,0,1,0,1,0
2265,2,1,0,0,1,-1,1
3004,1,0,0,1,0,1,0
2601,1,0,0,1,0,1,0
3204,1,0,0,1,0,1,0
4039,20,8,3,4,5,-1,5
4704,2,1,0,1,0,1,1
3560,9,1,3,3,2,1,-2
4732,3,0,2,1,0,1,-2
4825,1,1,0,0,0,0,1
4518,2,0,1,1,0,1,-1
4814,2,1,1,0,0,0,0
4688,6,1,1,1,3,-2,0
4817,1,0,0,1,0,1,0
4595,4,0,2,1,1,0,-2
4659,2,0,0,0,2,-2,0
4716,3,0,2,1,0,1,-2
190,2,1,0,1,0,1,1
4783,9,1,3,2,3,-1,-2
4754,1,0,1,0,0,0,-1
2424,1,0,1,0,0,0,-1
2363,1,0,1,0,0,0,-1
1318,1,0,0,0,1,-1,0
2052,1,0,0,0,1,-1,0
4060,2,0,0,1,1,0,0
4982,1,0,1,0,0,0,-1
4985,1,0,1,0,0,0,-1
1756,1,0,0,0,1,-1,0
3937,1,0,0,0,1,-1,0
365,2,0,0,1,1,0,0
3191,1,0,1,0,0,0,-1
5012,1,0,0,0,1,-1,0
494,1,0,0,0,1,-1,0
604,1,0,1,0,0,0,-1
4991,1,0,1,0,0,0,-1
3309,1,0,0,0,1,-1,0
488,1,0,1,0,0,0,-1
4945,1,0,1,0,0,0,-1
955,1,0,0,0,1,-1,0
4965,1,0,0,0,1,-1,0
3316,1,0,0,0,1,-1,0
5137,1,0,1,0,0,0,-1
5145,1,0,1,0,0,0,-1
4967,3,1,1,0,1,-1,0
1683,1,0,0,0,1,-1,0
2481,1,0,0,0,1,-1,0
303,2,0,1,1,0,1,-1
1610,1,0,0,0,1,-1,0
857,1,0,0,0,1,-1,0
4536,2,0,2,0,0,0,-2
4063,1,0,1,0,0,0,-1
4940,4,1,1,0,2,-2,0
2337,3,1,1,0,1,-1,0
384,1,0,1,0,0,0,-1
1730,2,0,0,1,1,0,0
4488,1,0,0,0,1,-1,0
5098,2,0,0,1,1,0,0
5033,2,0,1,0,1,-1,-1
4777,5,0,1,3,1,2,-1
4917,10,3,2,1,4,-3,1
4943,5,0,1,3,1,2,-1
5032,12,3,2,5,2,3,1
4519,11,1,3,5,2,3,-2
254,4,1,0,0,3,-3,1
5039,6,1,1,1,3,-2,0
4525,9,0,4,3,2,1,-4
3949,3,0,1,0,2,-2,-1
4678,9,4,0,2,3,-1,4
4907,7,2,1,2,2,0,1
4992,14,2,3,6,3,3,-1
1285,12,1,1,1,9,-8,0
3954,3,0,1,2,0,2,-1
4601,3,1,0,2,0,2,1
4467,2,0,0,1,1,0,0
4050,2,1,0,0,1,-1,1
3955,1,1,0,0,0,0,1
4484,2,1,0,0,1,-1,1
156,1,0,0,1,0,1,0
2028,1,0,1,0,0,0,-1
3410,2,1,0,0,1,-1,1
1501,4,0,1,1,2,-1,-1
1218,2,0,0,0,2,-2,0
620,1,0,1,0,0,0,-1
4615,3,0,1,1,1,0,-1
4514,1,0,0,0,1,-1,0
3962,1,0,0,0,1,-1,0
4032,1,0,1,0,0,0,-1
4266,1,1,0,0,0,0,1
4049,1,0,0,1,0,1,0
4027,1,0,0,1,0,1,0
4547,2,0,2,0,0,0,-2
4289,1,0,0,1,0,1,0
4753,1,0,0,1,0,1,0
3957,1,0,1,0,0,0,-1
4150,3,0,0,1,2,-1,0
3352,2,0,1,0,1,-1,-1
5431,1,0,1,0,0,0,-1
2491,1,0,0,0,1,-1,0
3507,1,0,0,0,1,-1,0
2767,1,0,0,0,1,-1,0
5437,1,0,1,0,0,0,-1
829,1,0,0,0,1,-1,0
193,2,0,1,0,1,-1,-1
5402,1,0,0,0,1,-1,0
1768,1,1,0,0,0,0,1
3140,1,1,0,0,0,0,1
5458,1,0,0,1,0,1,0
3653,1,0,0,1,0,1,0
3536,1,1,0,0,0,0,1
3566,1,0,0,1,0,1,0
4253,2,1,0,1,0,1,1
3512,1,0,1,0,0,0,-1
1717,1,0,0,0,1,-1,0
2630,1,0,0,0,1,-1,0
3881,1,0,1,0,0,0,-1
3844,1,0,1,0,0,0,-1
2130,1,0,0,0,1,-1,0
329,1,0,0,0,1,-1,0
1024,2,0,0,0,2,-2,0
1986,3,0,0,0,3,-3,0
5689,5,0,1,3,1,2,-1
5515,1,0,1,0,0,0,-1
4381,2,0,1,1,0,1,-1
5546,1,0,0,0,1,-1,0
144,1,0,0,0,1,-1,0
1369,1,0,1,0,0,0,-1
1625,1,0,1,0,0,0,-1
4911,1,0,0,0,1,-1,0
1592,1,0,0,0,1,-1,0
4183,1,0,1,0,0,0,-1
5291,1,0,1,0,0,0,-1
2834,1,0,0,0,1,-1,0
5465,1,0,0,0,1,-1,0
4946,16,5,3,4,4,0,2
5631,1,0,0,1,0,1,0
5580,1,0,1,0,0,0,-1
5759,1,0,0,0,1,-1,0
5092,3,0,2,1,0,1,-2
4939,14,2,5,2,5,-3,-3
5076,3,0,0,2,1,1,0
4914,5,1,1,1,2,-1,0
5519,3,0,1,1,1,0,-1
5680,5,1,2,1,1,0,-1
5581,2,0,1,1,0,1,-1
5699,5,2,1,2,0,2,1
5776,4,0,1,3,0,3,-1
4951,13,1,3,2,7,-5,-2
5598,1,0,1,0,0,0,-1
5288,5,1,2,1,1,0,-1
2959,2,1,0,1,0,1,1
3175,1,0,0,1,0,1,0
3598,2,0,1,1,0,1,-1
4923,1,0,0,1,0,1,0
4618,7,2,1,1,3,-2,1
5589,2,0,1,0,1,-1,-1
4938,5,1,1,2,1,1,0
4920,8,1,2,2,3,-1,-1
5408,4,1,1,2,0,2,0
4976,22,2,5,3,12,-9,-3
4617,5,0,1,0,4,-4,-1
5426,4,0,2,0,2,-2,-2
4921,2,0,1,0,1,-1,-1
4903,12,2,4,2,4,-2,-2
5483,2,0,0,1,1,0,0
1769,2,1,0,1,0,1,1
5847,1,0,0,1,0,1,0
364,1,1,0,0,0,0,1
3324,1,0,0,1,0,1,0
3397,1,0,0,1,0,1,0
2438,1,0,0,1,0,1,0
422,1,0,0,1,0,1,0
5910,1,0,1,0,0,0,-1
5811,3,0,1,0,2,-2,-1
5801,1,0,0,0,1,-1,0
5254,1,0,0,0,1,-1,0
346,1,0,1,0,0,0,-1
6070,11,0,3,0,8,-8,-3
1736,1,0,0,0,1,-1,0
1796,1,0,0,0,1,-1,0
5232,1,0,1,0,0,0,-1
1684,1,0,0,0,1,-1,0
2733,1,0,0,1,0,1,0
686,1,0,0,1,0,1,0
812,1,0,1,0,0,0,-1
4377,1,0,0,0,1,-1,0
4216,1,0,0,0,1,-1,0
3019,1,1,0,0,0,0,1
3604,2,2,0,0,0,0,2
5899,1,0,0,1,0,1,0
5805,1,0,0,1,0,1,0
2046,1,0,1,0,0,0,-1
70,1,0,1,0,0,0,-1
971,1,0,0,0,1,-1,0
231,1,0,0,0,1,-1,0
5839,1,0,0,0,1,-1,0
4594,1,0,1,0,0,0,-1
4718,1,0,0,0,1,-1,0
5911,3,1,1,1,0,1,0
2706,12,1,3,2,6,-4,-2
5821,1,0,0,1,0,1,0
5834,18,0,4,5,9,-4,-4
6009,11,1,1,3,6,-3,0
1360,9,3,1,2,3,-1,2
5883,1,0,0,1,0,1,0
6052,2,0,0,1,1,0,0
6110,9,2,1,3,3,0,1
5409,11,1,3,4,3,1,-2
6130,1,0,0,1,0,1,0
5024,8,1,2,2,3,-1,-1
4936,5,1,1,1,2,-1,0
4902,2,0,1,1,0,1,-1
4932,3,0,1,2,0,2,-1
6202,2,0,1,1,0,1,-1
910,1,1,0,0,0,0,1
5516,5,2,2,0,1,-1,0
987,5,2,2,1,0,1,0
4613,3,0,0,0,3,-3,0
6706,3,1,0,0,2,-2,1
9079,1,0,1,0,0,0,-1
5522,1,0,1,0,0,0,-1
9067,1,0,0,0,1,-1,0
9090,1,0,0,0,1,-1,0
9013,1,1,0,0,0,0,1
9071,1,1,0,0,0,0,1
9069,1,0,0,1,0,1,0
4953,1,0,0,1,0,1,0
9064,1,0,0,1,0,1,0
6771,1,1,0,0,0,0,1
6354,1,0,0,1,0,1,0
9068,1,0,0,1,0,1,0
5445,1,0,1,0,0,0,-1
9085,1,0,1,0,0,0,-1
6353,1,0,0,0,1,-1,0
6399,1,0,0,0,1,-1,0
6356,1,0,1,0,0,0,-1
6392,1,0,1,0,0,0,-1
9059,1,0,0,0,1,-1,0
6386,1,0,0,0,1,-1,0
6393,1,0,1,0,0,0,-1
9047,1,0,1,0,0,0,-1
6487,1,0,0,0,1,-1,0
9066,1,0,0,0,1,-1,0
6304,1,0,0,0,1,-1,0
2204,1,0,1,0,0,0,-1
9082,1,0,1,0,0,0,-1
5451,1,0,0,0,1,-1,0
9075,1,0,0,0,1,-1,0
9078,1,0,0,0,1,-1,0
5453,2,0,0,2,0,2,0
5823,2,0,0,2,0,2,0
6514,10,2,1,3,4,-1,1
5406,8,1,1,1,5,-4,0
4248,3,0,1,1,1,0,-1
5324,3,1,0,1,1,0,1
5885,4,1,1,0,2,-2,0
1374,14,1,2,6,5,1,-1
6336,2,1,0,1,0,1,1
5870,8,0,2,4,2,2,-2
6513,6,1,1,2,2,0,0
746,13,4,5,2,2,0,-1
5428,5,0,1,2,2,0,-1
5031,8,1,2,4,1,3,-1
5036,9,2,2,1,4,-3,0
6632,4,0,3,1,0,1,-3
2708,10,2,1,1,6,-5,1
6481,1,1,0,0,0,0,1
6339,2,0,1,0,1,-1,-1
6387,3,1,0,1,1,0,1
6046,1,0,0,1,0,1,0
6725,4,0,2,1,1,0,-2
6323,4,1,1,0,2,-2,0
6342,2,0,1,0,1,-1,-1
6537,2,1,1,0,0,0,0
6330,1,0,0,0,1,-1,0
7267,3,0,2,1,0,1,-2
6135,10,2,2,4,2,2,0
6987,9,1,2,3,3,0,-1
7013,8,2,2,3,1,2,0
6854,6,0,3,1,2,-1,-3
5596,2,0,0,0,2,-2,0
7058,4,0,2,1,1,0,-2
7200,6,1,2,0,3,-3,-1
6878,1,0,1,0,0,0,-1
4968,2,1,0,0,1,-1,1
9987,2,1,0,0,1,-1,1
4015,8,1,2,3,2,1,-1
5921,2,0,1,0,1,-1,-1
6140,8,1,2,1,4,-3,-1
6975,7,1,3,3,0,3,-2
5719,7,0,2,1,4,-3,-2
9986,1,0,1,0,0,0,-1
6865,7,0,3,4,0,4,-3
6859,4,0,1,2,1,1,-1
7176,2,0,1,1,0,1,-1
6864,7,0,2,1,4,-3,-2
7052,3,1,0,1,1,0,1
5672,8,0,2,2,4,-2,-2
6978,8,1,1,1,5,-4,0
7329,2,1,0,1,0,1,1
6141,6,1,1,2,2,0,0
6564,2,0,1,0,1,-1,-1
6397,10,1,3,0,6,-6,-2
6867,6,0,1,2,3,-1,-1
1690,2,0,1,0,1,-1,-1
5567,1,0,0,0,1,-1,0
1918,1,0,0,0,1,-1,0
7480,12,2,3,1,6,-5,-1
2502,2,0,1,0,1,-1,-1
4481,1,0,1,0,0,0,-1
6401,1,0,0,0,1,-1,0
3618,1,0,1,0,0,0,-1
1676,2,0,1,0,1,-1,-1
3624,1,0,0,0,1,-1,0
175,1,0,1,0,0,0,-1
7462,1,0,0,0,1,-1,0
836,1,1,0,0,0,0,1
6806,1,0,0,1,0,1,0
7885,1,1,0,0,0,0,1
5501,1,0,0,1,0,1,0
5951,1,0,0,1,0,1,0
103,1,0,0,1,0,1,0
5084,1,1,0,0,0,0,1
7651,1,0,0,1,0,1,0
7719,1,0,0,1,0,1,0
5943,1,0,1,0,0,0,-1
3542,2,0,0,0,2,-2,0
88,1,0,0,0,1,-1,0
3707,1,1,0,0,0,0,1
2830,1,0,0,1,0,1,0
4143,1,0,1,0,0,0,-1
3555,1,0,1,0,0,0,-1
2791,2,0,1,0,1,-1,-1
1781,1,0,0,0,1,-1,0
3667,1,0,0,0,1,-1,0
6378,5,0,1,3,1,2,-1
7136,6,1,1,3,1,2,0
7520,10,1,3,3,3,0,-2
6461,2,0,1,0,1,-1,-1
7664,1,0,0,0,1,-1,0
7022,2,0,1,0,1,-1,-1
7722,2,1,0,0,1,-1,1
7558,10,2,0,3,5,-2,2
9992,2,0,0,2,0,2,0
9993,2,0,0,2,0,2,0
9991,2,0,0,2,0,2,0
9995,3,0,1,1,1,0,-1
9994,2,0,1,1,0,1,-1
9996,2,0,1,1,0,1,-1
7509,8,1,1,4,2,2,0
7623,5,0,2,1,2,-1,-2
2405,2,0,0,1,1,0,0
6977,1,1,0,0,0,0,1
7603,3,1,1,0,1,-1,0
7902,4,0,2,1,1,0,-2
7723,1,0,0,1,0,1,0
6544,4,1,0,3,0,3,1
6881,2,0,1,0,1,-1,-1
6331,4,1,0,3,0,3,1
7757,9,1,2,3,3,0,-1
6875,2,0,0,2,0,2,0
7800,1,0,1,0,0,0,-1
8764,6,1,1,0,4,-4,0
6162,1,0,1,0,0,0,-1
8729,7,1,2,3,1,2,-1
8089,10,2,2,4,2,2,0
8789,3,0,1,2,0,2,-1
8765,2,0,1,1,0,1,-1
8884,2,0,0,0,2,-2,0
7659,5,0,2,1,2,-1,-2
8850,2,0,1,1,0,1,-1
8574,1,0,0,1,0,1,0
9062,3,0,1,2,0,2,-1
8081,1,0,0,0,1,-1,0
7712,2,1,1,0,0,0,0
9098,4,0,1,1,2,-1,-1
8349,6,0,4,1,1,0,-4
7476,7,0,2,4,1,3,-2
9113,1,0,0,1,0,1,0
6866,1,0,1,0,0,0,-1
9127,3,0,2,0,1,-1,-2
8731,2,0,1,0,1,-1,-1
9678,1,0,1,0,0,0,-1
7475,1,0,1,0,0,0,-1
9785,3,1,0,0,2,-2,1
9782,1,0,0,1,0,1,0
9575,2,0,1,1,0,1,-1
9263,2,0,1,0,1,-1,-1
9580,2,0,1,0,1,-1,-1
